############ BOOMERANG BRO ############
[SPRITES]
#WALK LEFT
3500	400	1100	415	1123	70
3501	417	1100	432	1123	70

#WALK RIGHT
3502	400	1150	415	1173	70
3503	417	1150	432	1173	70

#THROW LEFT
3504	434	1100	449	1123	70
3505	451	1100	466	1123	70

#THROW RIGHT
3506	434	1150	449	1173	70
3507	451	1150	466	1173	70

#DIE LEFT
3508	400	1125	415	1148	70

#DIE RIGHT
3509	400	1175	415	1198	70

[ANIMATIONS]
#WALK LEFT
3500	3500	100	3501	100

#WALK RIGHT
3501	3506	100	3507	100

#THROW LEFT
3502	3504	100	3505	100

#THROW RIGHT
3503	3502	100	3503	100

#DIE LEFT
3504	3508	100

#DIE RIGHT
3505	3509	100


######## BOOMERANG ###########
[SPRITES]
3600	69	631	84	646	70
3601	86	631	101	646	70
3602	103	631	118	646	70
3603	120	631	135	646	70

[ANIMATIONS]
#FLYING RIGHT & LEFT
3600	3601	100	3600	100	3603	100	3602	100
3601	3602	100	3603	100	3600	100	3601	100

#HOLDING RIGHT & LEFT
3602	3601	100
3603	3602	100