# id	left	top	right	bottom	texture_id
[SPRITES]
20001	372	153	387	168	20
# ani_id	sprite1_id	time1	sprite2_id	time2	...
[ANIMATIONS]
10000	20001	1000

#QUESTION BLOCK
[SPRITES]
80001	79	34	94	49	25
80002	96	34	111	49	25
80003	113	34	128	49	25
80004	130	34	145	49	25

80005	79	17	94	32	25

[ANIMATIONS]
8000	80001	150	80002	150	80003	150	80004	150
8001	80005	150

# BRICK
[SPRITES]
81001	11	34	26	49	25
81002	28	34	43	49	25
81003	45	34	60	49	25
81004	62	34	77	49	25

#P-Swich
82001	45	17	60	32	25
82002	62	17	77	32	25


[ANIMATIONS]
8100	81001	100	81002	100	81003	100	81004	100
8200	82001	100
8201	82002	100

#COIN
[SPRITES]
83001	303	99	312	114	20
83002	321	99	330	114	20
83003	338	99	347	114	20

[ANIMATIONS]
8300	83001	200	83002	200	83003	200


