# id	left	top	right	bottom	texture_id
[SPRITES]
40001	489	56	496	71	100
40002	499	56	506	71	100
40003	509	56	516	71	100

#TYPE2
41001	325	443	338	458	50
41002	342	443	357	458	50
41003	358	443	373	458	50
41004	375	443	390	458	50


# ani_id	sprite1_id	time1	sprite2_id	time2	...
[ANIMATIONS]
11000	40001	200	40002	200	40003	200
11001	41001	150	41002	150	41003	150	41004	150
11002	41001	100


#MOVING PLATFORM
[SPRITES]
87001	273	171	288	186	50
87002	290	171	305	186	50
87003	307	171	322	186	50

[ANIMATIONS]
8700	87001	100
8701	87002	100
8702	87003	100