[SPRITES]
#TAILHIT
#LEFT_WHITE
180000	257	113	272	128	70

#RIGHT_WHITE
180001	274	113	289	128	70

#LEFT_PINK
180002	257	130	272	145	70

#RIGHT_PINK
180003	274	130	289	145	70


[SPRITES_SCREEN]
#TIMEUP
180004	1	175	56	190	90

#PAUSE
180005	1	215	72	230	90

[ANIMATIONS]
181000	180000	20	180002	20	180001	20	180003	20	180000	20
182000	180005	100
183000	180004	100

#SWITCH_SPAWN
[SPRITES]
180006	291	130	306	145	70	
180007	291	147	306	162	70
180008	310	130	325	145	70
180009	310	147	325	162	70
180010	326	130	341	145	70
180011	326	147	341	162	70
180012	343	130	358	145	70	
180013	343	147	358	162	70

[ANIMATIONS]
184000	180006	100	180007	100	180008	100	180009	100	180010	100	180011	100	180012	100	180013	100


#BREAKABLEBRICK
[SPRITES]
180014	96	17	111	32	25
180015	113	17	128	32	25
[ANIMATIONS]
185000	180014	50	180015	50