# id	left	top	right	bottom	texture_id
[SPRITES]
#WALK LEFT
1011	96	51	111	76	40
1012	112	51	127	76	40

#WALK RIGHT
1016	272	51	287	76	40
1017	256	51	271	76	40

#DIE
1021	128	48	143	63	40

#SHELL IDLE
1031	128	48	143	63	40

#SHELL WITH LEGS
1032	128	64	143	79	40

#SHELL MOVING
1041	144	48	159	63	40
1042	160	48	175	63	40
1043	176	48	191	63	40

#WING LEFT
1061	136	1	143	14	40
1062	144	7	151	16	40

#WING RIGHT
1063	240	1	247	14	40
1064	232	7	239	16	40

#DIE UP
1071	128	288	143	303	40

# ani_id	sprite1_id	time1	sprite2_id	time2	...
[ANIMATIONS]
20000	1011	100	1012	100
20001	1016	100	1017	100
20002	1031	100
20003	1041	25	1042	25	1043	25	1031	25
20008	1071	100

#WING ANIMATION
20006	1061	100	1062	100
20007	1063	100	1064	100

[ANIMATIONS_VIBRATION]
20004	1031	25	1031	25
20005	1031	50	1032	50


