# id	left	top	right	bottom	texture_id
[SPRITES]
#WALK LEFT
1111	0	51	15	76	40
1112	16	51	31	76	40

#WALK RIGHT
1116	368	51	383	76	40
1117	352	51	367	76	40

#DIE
1121	32	48	47	63	40

#SHELL IDLE
1131	32	48	47	63	40

#SHELL WITH LEGS
1132	32	64	47	79	40

#SHELL MOVING
1141	48	48	63	63	40
1142	64	48	79	63	40
1143	80	48	95	63	40

#WING LEFT
1161	136	1	143	14	40
1162	144	7	151	16	40

#WING RIGHT
1163	240	1	247	14	40
1164	232	7	239	16	40

#DIE UP
1171	32	288	47	303	40

#DIEUP WITH LEGS
1172	32	272	47	287	40

#DIEUP MOVING
1173	48	288	63	303	40
1174	64	288	79	303	40
1175	80	288	96	303	40

# ani_id	sprite1_id	time1	sprite2_id	time2	...
[ANIMATIONS]
20100	1111	100	1112	100
20101	1116	100	1117	100
20102	1131	100
20103	1141	25	1142	25	1143	25	1131	25
20108	1171	100
201011	1173	25	1174	25	1174	25	1171	25
#WING ANIMATION
20106	1161	100	1162	100
20107	1163	100	1164	100

[ANIMATIONS_VIBRATION]
#DOWN
20104	1131	25	1131	25
20105	1131	50	1132	50

#UP
20109	1171	25	1171	25
201010	1171	50	1172	50
