#[CAMERA]

[ASSETS]
mario.txt
brick.txt
coin.txt
goomba.txt
cloud.txt
floor.txt
background.txt
color-block.txt
koopa.txt
koopa-red.txt
koopa-green.txt
cloud.txt
font.txt
hud.txt
pipe.txt
plant.txt
number.txt
font.txt
fireball.txt
effect.txt

#0 : mario
#1 : brick
#2 : goomba
#3 : koopa red
#4 : coin
#5 : platform
#7 : fireball
#8 : plant
#9 : pipe
#10 : mountain
#12 : color block
#14 : koopa green
#15 : question block
#16 : mushroom
#17 : smoke
#18 : cloud
#19 : floor
#20 : background color
#21:  unbreakablebrick
#22: goombafly
#27: switch
#28: invisible wall
#50 : portal
#100 : camera

[OBJECTS]

#CAMERA
100	0	240	2816	475	0

# MARIO
0	240	300

#BG COLOR
20	7	7	128	27	0
20	2071	7	13	26	0
20	2055	7	1	27	1
20	2279	7	19	26	1
19	2071	423	32	1	0
20	2263	7	1	26	6

#SMALLBUSH
20	71	343	1	1	5
20	87	343	1	1	5
20	103	343	1	1	5
20	119	343	1	1	5
20	135	343	1	1	5
20	2087	407	1	1	5
20	2103	407	1	1	5

#WOOD
21	2039	247	0
21	2039	263	0
21	2039	279	0
21	2039	295	0
21	2039	311	0
21	2039	327	0
21	2039	343	0
21	2039	359	0
21	2039	375	0
21	2039	391	0

#COIN
4	343	311	2
4	359	311	2
4	375	311	2
4	423	279	2
4	439	279	2
4	455	279	2
4	775	311	2
4	791	311	2
4	807	311	2
4	855	279	2
4	871	279	2
4	887	279	2
4	1335	295	2
4	1351	295	2
4	1367	295	2
4	1511	279	2
4	1511	295	2
4	1511	311	2
4	1511	327	2
4	1511	343	2
4	1511	359	2
4	1511	375	2
4	1511	391	2
4	1895	311	2
4	1911	311	2
4	1927	311	2

#BRICK
1	231	359
1	247	359
1	263	359
1	279	359
1	391	343
1	407	343
1	423	343
1	439	343
1	455	343
1	615	295
1	631	295
15	647	295	3
1	663	295
1	647	375
1	663	375
1	759	327
1	759	343
1	759	359
1	759	375
1	775	375
1	791	375
1	807	375
1	871	343
1	871	359
1	871	375
1	871	391
1	887	391	
1	903	391
1	951	343
1	951	359
15	967	359	5
1	967	407
1	983	407
1	999	407
1	1015	407
#Them type moi
1	1031	359
1	1047	359
1	1063	359
1	1079	359
1	1159	391
1	1175	391
1	1191	391
1	1207	391
1	1223	391
1	1191	311
1	1207	311
1	1223	311
1	1239	311
1	1239	295
1	1271	375
1	1287	375
1	1399	311
1	1415	311
1	1431	311
1	1543	295
1	1543	311
1	1543	375
1	1543	391
1	1543	407
1	1559	407
1	1575	407	
1	1591	407
1	1735	295
1	1735	311
1	1735	327
1	1783	375
1	1799	375
1	1815	375
#PIPE
9	1943	343	16	16	4	63000	63100	63200	63300	1	2
9	2199	391	16	16	2	63000	63100	63200	63300	0	0