# id	left	top	right	bottom	texture_id
[SPRITES]
#####  BIG ###############
#IDLE
11121	402	169	415	196	60
11111	0	21	13	48	60

#WALKING RIGHT
11222	382	169	397	196	60
11223	364	169	379	196	60

#WALKING LEFT
11212	18	21	33	48	60
11213	36	21	51	48	60

#RUNNING RIGHT
11321	306	169	325	196	60
11322	280	169	299	196	60
11323	254	169	273	196	60

#RUNNING LEFT
11311	90	21	109	48	60
11312	116	21	135	48	60
11313	142	21	161	48	60

#JUMP WALK RIGHT & LEFT
11417	328	169	343	196	60
11413	72	21	87	48	60

#JUMP RUN RIGHT & LEFT
11427	228	169	247	196	60
11423	168	21	187	48	60

#SIT RIGHT & LEFT 
11521	348	179	361	196	60
11511	54	31	67	48	60

#BRACE RIGHT & LEFT 
11621	206	169	221	196	60
11611	194	21	209	48	60

#DIE
13001	184	148	199	163	60

############ SMALL ################
 #IDLE
12121	400	149	413	164	60
12111	2	1	13	16	60

#WALK RIGHT
12222	382	147	397	164	60
12223	364	147	379	164	60

#WALK LEFT
12212	18	1	33	16	60
12213	36	1	51	16	60

#RUN RIGHT
12321	364	147	379	164	60
12322	382	147	397	164	60
12323	346	147	361	164	60

#RUN LEFT
12311	36	1	51	16	60
12312	18	1	33	16	60
12313	54	1	69	16	60

#BRACE RIGHT & LEFT
12511	292	147	307	164	60
12521	108	1	123	16	60

#JUMP WALK RIGHT & LEFT 
12413	72	1	87	16	60
12417	328	147	343	164	60

#JUMP RUN RIGHT & LEFT 
12423	90	1	105	16	60
12427	310	147	325	164	60

# ani_id	sprite1_id	time1	sprite2_id	time2	...
[ANIMATIONS]
400	11121	100
401	11111	100

#WALKING RIGHT & LEFT 
500	11121	100	11222	100	11223	100
501	11111	100	11212	100	11213	100

#RUNNING RIGHT & LEFT
600	11321	100	11322	100	11323	100
601	11311	100	11312	100	11313	100

#JUMP WALK
700	11417	100
701	11413	100

#JUMP RUN
800	11427	100
801	11423	100

#SIT RIGHT & LEFT 
900	11521	100
901	11511	100

#BRACE RIGHT & LEFT 
1000	11621	100
1001	11611	100

#DIE
999	13001	100

################### SMALL #################
1100	12121	100
1102	12111	100


#WALK LEFT & RIGHT 
1200	12121	100	12222	100	12223	100
1201	12111	100	12212	100	12213	100

#RUN LEFT & RIGHT
1300	12321	100	12322	100	12323	100
1301	12311	100	12312	100	12313	100

#BRACE LEFT & RIGHT
1401	12511	100
1400	12521	100

#JUMP WALK
1500	12417	100
1501	12413	100

#JUMP RUN 
1601	12423	100
1600	12427	100