# id	left	top	right	bottom	texture_id
[SPRITES]

# STEM
73001	0	160	15	167	30

# RED UP
73012	96	144	117	175	30
73013	112	144	127	175	30

# RED DONW LEFT
73014	128	144	143	175	30
73015	144	144	159	175	30

# RED UP LEFT
73016	160	144	175	175	30
73017	176	144	191	175	30

# RED DONW RIGHT
73018	224	144	239	175	30
73019	240	144	255	175	30

# RED UP RIGHT
73020	192	144	207	175	30
73021	208	144	223	175	30

# GREEN UP
73002	0	144	15	167	30
73003	16	144	31	167	30

# GREEN DONW LEFT
73004	32	144	47	167	30
73005	48	144	63	167	30

# GREEN UP LEFT
73006	64	144	79	167	30
73007	80	144	95	167	30

# GREEN DONW RIGHT
73008	320	144	335	167	30
73009	336	144	351	167	30

# GREEN UP RIGHT
73010	288	144	303	167	30
73011	304	144	319	167	30



# ani_id	sprite1_id	time1	sprite2_id	time2	...
[ANIMATIONS]
# RED DONW LEFT
7311	73014	200	73015	200
7315	73014	200

# RED UP LEFT
7312	73016	200	73017	200
7316	73016	200

# RED DONW RIGHT
7313	73018	200	73019	200
7317	73019	200

# RED UP RIGHT
7314	73020	200	73021	200
7318	73021	200

# STEM
7300	73001	200


# GREEN UP
7331	73002	200	73003	200

# RED UP
7302	73012	200	73013	200

# GREEN DONW LEFT
7321	73004	200	73005	200
7325	73004	200

# GREEN UP LEFT
7322	73006	200	73007	200
7326	73006	200

# GREEN DONW RIGHT
7323	73008	200	73009	200
7327	73009	200

# GREEN UP RIGHT
7324	73010	200	73011	200
7328	73011	200

#DELETE
[SPRITES]
73050	527	20	542	35	20
73051	544	20	559	35	20
73052	560	20	575	35	20
73053	575	20	590	35	20

[ANIMATIONS]
7350	73050	150	73051	150	73052	150	73053	150

