# list of object assets to load in this scene
[ASSETS]
mario.txt
brick.txt
coin.txt
goomba.txt
cloud.txt
pipe.txt
Fireball.txt
Plant.txt
number.txt
background.txt
#

[OBJECTS]
# type	x	y	extra_settings per object type
# type: 0 = Mario , 1 = Brick, 2 = Goomba, 3 = Koopas, 4 = pile
# See OBJECT_TYPE constants in AssetIDs.h




##########BIGBUSH########
5	50	165	16	16	8	100003	100005	100004	0
5	50	150	16	16	5	100003	100005	100004	0
5	130	150	16	16	2	100003	100005	100004	0
5	66	134	16	16	2	100003	100005	100004	0
#(Doi voi phan top thi can ha y uong 1 pixel)
10	66	118	16	16	100001	100002
10	115	164	16	16	100001	100002
10	50	134	16	16	100001	100002
10	66	149	16	16	100001	100002
10	98	134	16	16	100001	100002
10	130	134	16	16	100001	100002
10	146	150	16	16	100001	100002


#########SMALLBUSH######
5	200	164	16	16	3	130001	130001	130001	0


########CLOUD############
5	216	130	16	16	5	140001	140001	140001	1


#######WOODBRICK#######
5	350	164	16	16	3	150001	150001	150001	1

# MARIO
0	120	10


#QUESTIONBLOCK
15	96	110	1
15	80	110	4
15	64	110	2

#HIGHER BRICKS
#1	216	130
#1	232	130
#1	248	130
#1	264	130
#1	280	130
#1	400	130	
#1	416	130
#1	432	130
#1	248	80
1	0	164
1	0	148
1	0	132
#1	160	164	
#1	160	148	
#1	160	132

#PLANT ( type, x, y, color, type, size)
#for green fireplant (color = 10, type = 0, size = 0)
#8	348	156.5	10	0	0
#for red fireplant ( color = 0, type = 0, size =1)
#8	158	152	0	0	1
#for green plant (color = 10, type = 1, size = 0)
#8	100	173	10	1	0


#PIPE
#9	340	132	16	16	3	63000	63100	63200	63300	0
#9	150	132	16	16	3	63000	63100	63200	63300	0
#9	92	148	16	16	2	63000	63100	63200	63300	0

# BRICKS
1	0	180
1	16	180
1	32	180
1	48	180
1	64	180
1	80	180
1	96	180
1	112	180
1	128	180
1	144	180
1	160	180
1	176	180
1	192	180
1	208	180
1	224	180
1	240	180
1	256	180
1	272	180
1	288	180
1	304	180
1	320	180
1	336	180	
1	352	180	
1	368	180
1	384	180
1	400	180
1	416	180
1	432	180
1	448	180
1	464	180
1	480	180
1	496	180
1	512	180	
1	528	180
1	544	180
1	560	180
1	576	180
1	592	180
1	608	180
1	624	180
1	640	180



#COIN
#4	100	120
#4	120	120
#4	140	120
#4	160	120
#4	180	120






